[ 0.70410156,  0.3125    ]
[ 0.64648438,  0.47265625]
[ 0.64160156,  0.4140625 ]
[ 0.78710938,  0.22558594]
[ 0.69238281,  0.30761719]
[ 0.6875    ,  0.39160156]
[ 0.67773438,  0.34082031]
[ 0.69238281,  0.30761719]
[ 0.6875    ,  0.39160156]
[ 0.72167969,  0.34082031]
[ 0.515625  ,  0.58496094]
[ 0.44335938,  0.64550781]
[ 0.65820312,  0.3515625 ]
[ 0.47167969,  0.64550781]
[ 0.68261719,  0.44042969]
[ 0.55078125,  0.51757812]
[ 0.44335938,  0.64550781]
[ 0.41601562,  0.64550781]
[ 0.45507812,  0.54882812]
[ 0.45507812,  0.54882812]
[ 0.72753906,  0.28515625]
[ 0.70019531,  0.37402344]
[ 0.47167969,  0.64550781]
[ 0.72753906,  0.28515625]
[ 0.43164062,  0.80761719]
[ 0.70410156,  0.33300781]
[ 0.76953125,  0.265625  ]
[ 0.44335938,  0.64550781]
[ 0.84765625,  0.17773438]
[ 0.77929688,  0.23730469]
[ 0.53515625,  0.68652344]
[ 0.65820312,  0.37402344]
[ 0.68261719,  0.44042969]
[ 0.44335938,  0.64550781]
[ 0.41601562,  0.64550781]
[ 0.77050781,  0.28320312]
[ 0.515625  ,  0.58496094]
[ 0.44335938,  0.64550781]
[ 0.44335938,  0.64550781]
[ 0.67773438,  0.34082031]
[ 0.70410156,  0.3125    ]
[ 0.45507812,  0.54882812]
[ 0.50195312,  0.68652344]
[ 0.72753906,  0.28515625]
[ 0.40527344,  0.80761719]
[ 0.47167969,  0.64550781]
[ 0.45898438,  0.80761719]
[ 0.68261719,  0.44042969]
[ 0.6875    ,  0.39160156]
[ 0.55078125,  0.51757812]
[ 0.68261719,  0.44042969]
[ 0.69238281,  0.30761719]
[ 0.73730469,  0.30761719]
[ 0.72753906,  0.28515625]
[ 0.64550781,  0.39160156]
[ 0.53515625,  0.68652344]
[ 0.76757812,  0.24902344]
[ 0.76953125,  0.265625  ]
[ 0.64550781,  0.39160156]
[ 0.76953125,  0.265625  ]
[ 0.45898438,  0.80761719]
[ 0.67773438,  0.34082031]
[ 0.58691406,  0.51757812]
[ 0.77929688,  0.23730469]